# Shader presets for tools/scene_block_editor.py
#
# Format (11 fields, pipe-delimited):
# label | shader_scene_id | palette_low(r g b) | palette_high(r g b) | speed | intensity | warp | exposure_base | exposure_ramp | fade_base | fade_ramp
#
# shader_scene_id:
#   -1 = black
#    0 = nebula_drift
#    1 = ribbon_aurora
#    2 = nocturne_fog
#    3 = plasma_tunnel
#    4 = dune_waves
#    5 = crystal_grid
#    6 = storm_cells
#    6 = storm_cells_2
#    7 = liquid_metal
#    8 = sunburst
#    9 = moire_flow
#   10 = fireball
#   17 = starfield_cinematic
#   18 = kaleidoscope
#   19 = glitch_scan
#   22 = hexagonal_lattice
#   23 = neon_web
#   24 = cinematic_wormhole_enhanced
#   26 = cathedral_rays
#   27 = desert_flyover
#   28 = desert_flyover_cinematic
#    7 = lava_flow
#   29 = imported_scene
#   30 = furry
#   31 = voxel_reveal
#   32 = singularity_accretion
#   33 = nebula_corridor
#   35 = my_variant
#   36 = rasterbars_classic
#   37 = rasterbars_plasma
#   38 = rasterbars_metaballs
black | -1 | 0.0 0.0 0.0 | 0.0 0.0 0.0 | 0.0 | 1.0 | 0.0 | 1.0 | 0.0 | 0.0 | 0.0
nebula_drift | 0 | 0.1 0.3 0.8 | 0.8 0.2 0.6 | 1.0 | 1.0 | 0.5 | 0.76 | 0.02 | 0.04 | -0.04
ribbon_aurora | 1 | 0.0 0.5 0.8 | 0.2 0.8 0.5 | 0.8 | 1.1 | 0.3 | 0.74 | 0.0 | 0.08 | -0.08
nocturne_fog | 2 | 0.05 0.0 0.15 | 0.3 0.1 0.4 | 0.6 | 0.9 | 0.6 | 0.72 | 0.18 | 0.03 | -0.03
plasma_tunnel | 3 | 0.10 0.00 0.25 | 0.90 0.25 0.35 | 1.40 | 1.05 | 0.80 | 0.78 | 0.03 | 0.01 | -0.01
dune_waves | 4 | 0.25 0.14 0.05 | 0.95 0.72 0.32 | 0.65 | 1.00 | 0.45 | 0.80 | 0.00 | 0.02 | -0.02
crystal_grid | 5 | 0.02 0.08 0.14 | 0.30 0.95 0.90 | 0.95 | 1.10 | 0.70 | 0.74 | 0.04 | 0.00 | 0.00
storm_cells | 6 | 0.02 0.03 0.08 | 0.38 0.58 1.00 | 0.90 | 1.05 | 0.75 | 0.76 | 0.02 | 0.03 | -0.03
storm_cells_2 | 6 | 0.03 0.05 0.10 | 0.62 0.82 1.00 | 0.95 | 1.08 | 0.72 | 0.77 | 0.01 | 0.00 | 0.00
liquid_metal | 7 | 0.10 0.12 0.14 | 0.88 0.93 0.97 | 0.85 | 1.00 | 0.60 | 0.79 | 0.01 | 0.01 | -0.01
lava_flow | 7 | 0.12 0.05 0.02 | 1.00 0.44 0.11 | 0.88 | 1.12 | 0.70 | 0.80 | 0.01 | 0.00 | 0.00
sunburst | 8 | 0.35 0.05 0.02 | 1.00 0.75 0.20 | 0.80 | 1.00 | 0.55 | 0.82 | 0.00 | 0.01 | -0.01
moire_flow | 9 | 0.10 0.00 0.22 | 0.60 0.95 0.85 | 1.10 | 1.00 | 0.80 | 0.77 | 0.03 | 0.01 | -0.01
fireball | 10 | 0.12 0.03 0.01 | 1.00 0.55 0.16 | 0.95 | 1.10 | 0.62 | 0.80 | 0.01 | 0.00 | 0.00
starfield_cinematic | 17 | 0.02 0.05 0.12 | 0.50 0.78 1.00 | 0.72 | 1.06 | 0.40 | 0.76 | 0.00 | 0.00 | 0.00
kaleidoscope | 18 | 0.08 0.04 0.16 | 0.92 0.76 0.30 | 0.78 | 1.08 | 0.62 | 0.76 | 0.01 | 0.00 | 0.00
glitch_scan | 19 | 0.03 0.05 0.09 | 0.35 0.90 0.95 | 0.80 | 1.00 | 0.45 | 0.74 | 0.00 | 0.00 | 0.00
hexagonal_lattice | 22 | 0.05 0.10 0.20 | 0.36 0.90 1.00 | 0.84 | 1.00 | 0.62 | 0.75 | 0.01 | 0.00 | 0.00
neon_web | 23 | 0.03 0.08 0.16 | 0.20 1.00 0.95 | 0.82 | 1.00 | 0.58 | 0.76 | 0.00 | 0.00 | 0.00
cinematic_wormhole_enhanced | 24 | 0.03 0.06 0.14 | 0.65 0.88 1.00 | 0.95 | 1.10 | 0.68 | 0.77 | 0.01 | 0.00 | 0.00
midnight_star_bars | 25 | 0.03 0.07 0.16 | 0.12 0.28 0.55 | 0.40 | 1.00 | 0.35 | 0.74 | 0.00 | 0.00 | 0.00
cathedral_rays | 26 | 0.10 0.04 0.18 | 0.98 0.78 0.35 | 0.55 | 1.10 | 0.65 | 0.76 | 0.02 | 0.01 | -0.01
desert_flyover | 27 | 0.20 0.12 0.05 | 0.98 0.62 0.26 | 0.92 | 1.08 | 0.58 | 0.80 | 0.01 | 0.00 | 0.00
desert_flyover_cinematic | 28 | 0.20 0.11 0.05 | 0.98 0.66 0.28 | 1.05 | 1.10 | 0.62 | 0.80 | 0.01 | 0.00 | 0.00

imported_scene | 29 | 0.06 0.08 0.24 | 0.98 0.78 0.22 | 1.00 | 1.02 | 0.60 | 0.84 | 0.00 | 0.00 | 0.00
furry | 30 | 0.08 0.04 0.10 | 0.98 0.78 0.36 | 0.82 | 1.04 | 0.52 | 0.78 | 0.01 | 0.00 | 0.00
voxel_reveal | 31 | 0.06 0.09 0.20 | 0.94 0.82 0.40 | 0.92 | 1.00 | 0.56 | 0.79 | 0.01 | 0.00 | 0.00
singularity_accretion | 32 | 0.03 0.07 0.16 | 0.95 0.82 0.42 | 0.94 | 1.10 | 0.72 | 0.78 | 0.01 | 0.00 | 0.00
nebula_corridor | 33 | 0.04 0.06 0.14 | 0.66 0.92 1.00 | 0.82 | 1.08 | 0.68 | 0.77 | 0.01 | 0.00 | 0.00
imported_scene_soft | 29 | 0.16 0.18 0.30 | 0.95 0.88 0.72 | 1.00 | 0.94 | 0.60 | 0.90 | 0.00 | 0.00 | 0.00

my_variant | 35 | 0.1 0.3 0.8 | 0.8 0.2 0.6 | 1.00 | 1.00 | 0.50 | 0.76 | 0.02 | 0.04 | -0.04

rasterbars_classic | 36 | 0.02 0.05 0.20 | 0.90 0.40 0.10 | 1.00 | 1.05 | 0.50 | 0.78 | 0.00 | 0.00 | 0.00
rasterbars_plasma | 37 | 0.15 0.02 0.25 | 0.95 0.85 0.30 | 1.00 | 1.10 | 0.65 | 0.80 | 0.01 | 0.00 | 0.00
rasterbars_metaballs | 38 | 0.05 0.15 0.30 | 1.00 0.60 0.95 | 0.90 | 1.15 | 0.55 | 0.82 | 0.01 | 0.00 | 0.00
kaleido_fracture | 19 | 0.02 0.00 0.08 | 0.95 0.12 0.72 | 1.10 | 1.25 | 0.85 | 0.86 | 0.02 | 0.00 | 0.00
signal_riot | 20 | 0.01 0.02 0.04 | 0.10 0.85 1.00 | 1.50 | 1.20 | 0.90 | 0.82 | 0.00 | 0.00 | 0.00
electric_vortex | 21 | 0.01 0.00 0.06 | 0.18 0.92 1.00 | 1.00 | 1.25 | 0.80 | 0.86 | 0.01 | 0.00 | 0.00
warped_cathedral | 22 | 0.02 0.01 0.08 | 0.92 0.28 0.78 | 0.72 | 1.25 | 0.90 | 0.86 | 0.01 | 0.00 | 0.00
checkerboard_3d | 23 | 0.01 0.02 0.04 | 0.72 0.78 0.92 | 0.80 | 1.10 | 0.35 | 0.90 | 0.00 | 0.00 | 0.00
fog_volume_3d | 24 | 0.03 0.04 0.08 | 0.55 0.78 1.00 | 0.55 | 1.20 | 0.75 | 0.88 | 0.01 | 0.00 | 0.00
